  [1] -1 -1 -1 -1 -1 -1 -1 -1 -1 -1 -1 -1 -1 1  -1 -1 -1 -1 -1 -1 -1 -1 -1 1  -1
 [26] -1 -1 -1 -1 -1 -1 -1 -1 -1 -1 -1 -1 -1 -1 -1 -1 -1 -1 -1 -1 -1 -1 -1 -1 -1
 [51] -1 -1 -1 1  -1 -1 -1 -1 -1 -1 -1 1  -1 -1 -1 -1 1  -1 -1 -1 -1 -1 -1 -1 1 
 [76] -1 -1 -1 -1 -1 -1 1  1  -1 -1 1  -1 -1 -1 -1 1  -1 -1 -1 -1 1  -1 -1 -1 -1
[101] -1 -1 -1 -1 -1 -1 -1 -1 -1 1  1  -1 -1 -1 -1 -1 -1 -1 -1 -1 -1 -1 -1 -1 -1
[126] 1  -1 -1 -1 -1 -1 -1 -1 -1 -1 1  1  1  -1 -1 -1 -1 -1 -1 1  -1 -1 1  -1 -1
[151] -1 -1 1  -1 -1 -1 -1 -1 -1 -1 -1 -1 -1 -1 -1 -1 -1 -1 -1 -1 -1 -1 1  -1 -1
[176] -1 1  -1 -1 1  -1 -1 -1 -1 -1 -1 -1 -1 1  -1 1  -1 -1 -1 -1 -1 -1 1  -1
attr(,"nn.index")
       [,1] [,2] [,3]
  [1,] 1787 2352 2840
  [2,] 4075 1900 3545
  [3,] 4616 2971 1554
  [4,] 3314 2603 2985
  [5,]  866 2312 2062
  [6,] 2202 1158 4959
  [7,] 1310 3337 3219
  [8,]  341 1052 4500
  [9,] 4682 3917 2877
 [10,] 4752  120 2941
 [11,] 2077 3416 4282
 [12,] 4766 2582 3141
 [13,] 4600 2842 1207
 [14,] 4885 3752 1789
 [15,] 1899 1596 1921
 [16,] 1564 3896 1521
 [17,] 1422 2996 1183
 [18,] 2523 1831 1657
 [19,] 4169 4618 3546
 [20,] 1157 1895 2575
 [21,] 1406 4880 1718
 [22,]  283 1875 1352
 [23,]  401 3923 3261
 [24,] 2532 4092 2348
 [25,] 4865  732  148
 [26,] 3219 1310 3337
 [27,]  241 1092 4648
 [28,] 1982 2584 4179
 [29,] 4107  400 4483
 [30,] 4426 4486 2759
 [31,] 2021 1939 4495
 [32,] 2580 2655 4662
 [33,] 4715 1494 3022
 [34,] 2259 2426 3045
 [35,] 2982  282 4286
 [36,] 2948 3669  343
 [37,] 1140 4896 1242
 [38,] 3405 3231 3881
 [39,] 2205 3166   73
 [40,] 1053 3007 3210
 [41,] 1951 3252 3338
 [42,] 4926  243 4446
 [43,]  288  354 2070
 [44,] 2719 2774 2918
 [45,] 1737 3850 1355
 [46,] 2759 2159 2962
 [47,] 1299 4702 3617
 [48,] 1605 3749  984
 [49,]  710 3970 3076
 [50,] 1544 1979  699
 [51,] 3311 1516 4204
 [52,]  393  281 4540
 [53,] 3840 1731 3720
 [54,]  697 3786 4018
 [55,]  838 1594  328
 [56,] 1899 1596 1921
 [57,] 1970 2278 1410
 [58,] 4702 1299 3617
 [59,]  176  216 4646
 [60,] 4004  494 4378
 [61,] 1154 1762 1940
 [62,] 4696 2287 1599
 [63,]  332 1290 1602
 [64,] 4068  295 4373
 [65,]  543 1094  702
 [66,] 3421 2801  715
 [67,] 1021 2368 4598
 [68,] 3401 3787 3033
 [69,]  219 2771 2888
 [70,] 4074  133 3882
 [71,] 1569 4152 3535
 [72,] 4089 4319 1377
 [73,] 3879  763 2245
 [74,] 1245 1311  993
 [75,] 3200 2827  949
 [76,] 1784 1983 4409
 [77,] 2310 1255 3202
 [78,] 1523 1674  481
 [79,]  952 4318  235
 [80,] 3532 3932 4761
 [81,]  476 1656 4076
 [82,] 2104 3489 4022
 [83,] 1955 1877 2178
 [84,] 2448  511 3549
 [85,] 4505  475  779
 [86,] 4238 4135 1767
 [87,] 1523  481 1674
 [88,] 2217 3201 4630
 [89,]  893 2362 1811
 [90,] 1589 2422 3498
 [91,] 4855 1332 2276
 [92,] 2238 3761 3187
 [93,] 1420  257 4341
 [94,] 1290  332 1165
 [95,] 1293 4505  475
 [96,] 1940 2204 2992
 [97,]  557 3874 3097
 [98,] 2331 3234 4556
 [99,] 1528 2319 3836
[100,] 1472 4706  860
[101,] 4265 4660  623
[102,]  378  864 1097
[103,] 2505 2260 1415
[104,] 4997 2378 4369
[105,] 2303 3793 4445
[106,]  313 2373 1146
[107,]  824  947 2063
[108,]  323 4606  290
[109,]  155  258  221
[110,] 4572 4009 1225
[111,] 4219 1103 1187
[112,] 3871 3620 3430
[113,] 2953 4842 4945
[114,] 3404 2668 4251
[115,] 4949 4943 2235
[116,] 3660 1393 2762
[117,] 4722 2627 3358
[118,] 4439 2570 3107
[119,]  273 3768 1304
[120,] 4491   14 1323
[121,] 1297 3385 1333
[122,] 4724 2478 2635
[123,] 2578 4095  605
[124,] 2407 4767   90
[125,] 3972 4681 2281
[126,]  601 1512 3726
[127,] 4905 1195 2612
[128,] 2709 4358 2959
[129,] 3868 1599 3179
[130,] 1408 3587 2506
[131,] 3726 1512 2854
[132,] 2712 4745 2100
[133,] 2033  268 2727
[134,] 2434 3598 3210
[135,] 4920 3857 4671
[136,]  658 3955 4485
[137,]  986 1221 1386
[138,] 3225 3085 3206
[139,] 4702 1724 1299
[140,]  881  808 2838
[141,] 4528 3038  199
[142,]  679 4970 2706
[143,]  740 3072 3988
[144,] 2199 4614  891
[145,]  799  242 1604
[146,] 3344 1262 2600
[147,] 4543 3562   57
[148,] 2417 2057 4589
[149,]  625 2176 4803
[150,] 3668 3908 1889
[151,]  976 1446 4109
[152,] 4428 2257 4892
[153,]  689  758 1243
[154,]   33 4260 2045
[155,] 3528 1954 4242
[156,]  279 3657 2332
[157,] 2931  362 4365
[158,] 4771 2990 3110
[159,] 3090 4058  277
[160,] 3967 2660   24
[161,]  979   83 4482
[162,] 4414  107 1344
[163,] 4352 1802  898
[164,]  541 1969 2596
[165,] 2454 2659  165
[166,] 1075 3019 1282
[167,] 2583 1769  593
[168,] 4807 1779  521
[169,] 3450 2554 4597
[170,] 2626 4496 1780
[171,] 3570 4578 1854
[172,] 3054 4532  498
[173,] 2532 4092 2348
[174,] 2077 3416 4965
[175,] 4128 1307 1253
[176,] 1749  527 3209
[177,] 1798 4466 4385
[178,] 4517  220 2168
[179,] 3304 2216 2563
[180,] 1752 4577 2300
[181,] 1209 4740 4988
[182,] 3167  572 2142
[183,] 1437 1947 2253
[184,] 1876 1318 4117
[185,] 1368 2319 1765
[186,] 4763 4584 2659
[187,]  636  677   94
[188,] 1810 4003  181
[189,]  625  100 1923
[190,] 2559  263 2109
[191,]  498 1835 4728
[192,]  349 3395 4893
[193,]  208 2385  915
[194,] 4287 2646  356
[195,] 3889 1499 4945
[196,] 3739   95  395
[197,] 2018   40 3798
[198,]  799 4855 1332
[199,]  257 1420 3325
attr(,"nn.dist")
               [,1]         [,2]        [,3]
  [1,] 12807.427415 13126.989602 14431.13457
  [2,]  1465.568490  1531.226306  1590.21791
  [3,]  2191.634550  2381.246102  3405.35270
  [4,]    19.313208    34.655447    36.01389
  [5,]    16.822604    92.671463   161.66942
  [6,]    80.181045    97.611475    98.59006
  [7,]    26.981475    29.748950    48.86717
  [8,]  3751.442256  3763.370032  4048.68929
  [9,]   262.329945   351.730010   356.36077
 [10,]    25.238859    70.278019   121.14041
 [11,]    49.091751   100.324474   194.16745
 [12,]    29.765752    61.717096    62.10475
 [13,]   118.258192   140.360251   179.48538
 [14,]     3.162278     5.477226    21.65641
 [15,]    40.533936    42.871902   119.43199
 [16,]    50.049975    55.054518    74.65923
 [17,]    20.493902    80.758900    82.30431
 [18,]    27.838822    73.389373    90.62009
 [19,]    47.549974    83.892789   128.98450
 [20,]    67.977938   376.702801   461.02386
 [21,]    30.935417    49.183331   138.40520
 [22,]    26.851443    41.653331    43.09292
 [23,]    72.284161    82.273933   154.14279
 [24,]    51.623638    74.444610   121.32601
 [25,]   624.367680   772.424754   895.57691
 [26,]    92.065194   124.643492   124.96800
 [27,]    29.866369    36.619667    45.73839
 [28,]     4.123106    66.098411   237.09914
 [29,]    37.013511    69.476615   174.28138
 [30,]    72.456884    81.055537    98.81295
 [31,]    14.106736    38.496753    53.52569
 [32,]    51.351728    61.684682    77.67239
 [33,]    16.155494    70.213959   180.44113
 [34,]   277.209307   530.696712   574.43102
 [35,]    31.480152    46.292548    47.71792
 [36,]    31.701735    49.729267   270.09073
 [37,]    20.420578    43.439613    43.76071
 [38,]   106.864400   121.536003   139.04675
 [39,]    14.177447    24.698178    32.40370
 [40,]    95.545801   388.064428   430.17206
 [41,]    47.127487    55.560778    59.88322
 [42,]    15.394804    20.248457    37.16181
 [43,]     4.000000    47.634021   103.23275
 [44,]    45.661800    59.405387    62.81720
 [45,]   757.528877  1395.074908  1836.66165
 [46,]    15.033296    21.213203   140.22125
 [47,]    98.954535   173.130009   217.77511
 [48,]    43.954522    84.522186   238.76767
 [49,]    59.924953   183.823285   227.24216
 [50,]   100.712462   414.141280  1895.15883
 [51,]    16.155494    56.258333    96.01562
 [52,]  1152.180975  2595.305377  4156.35766
 [53,]    21.931712   166.309952   193.26407
 [54,]   230.473426   519.158935   647.09427
 [55,]   637.433918   762.607369   774.09948
 [56,]    40.124805    52.028838   102.88343
 [57,]    32.280025   912.548629   917.26659
 [58,]    86.127812   183.046442   304.62108
 [59,]    69.949982   299.075241   355.28721
 [60,]    11.532563    30.380915    81.84742
 [61,]     4.358899     4.795832   123.02032
 [62,]     8.602325    42.485292    52.62129
 [63,]    61.147363    85.270159    86.96551
 [64,]    21.118712    42.449971    61.78997
 [65,]    74.578817    82.079230    82.68615
 [66,]    22.427661   105.446669   106.26853
 [67,]    16.217275    79.221209    96.41058
 [68,]   104.038454   127.287077   211.69081
 [69,]     8.062258    43.806392    94.09038
 [70,]    21.283797    22.226111    29.06888
 [71,]     1.000000     5.000000    27.74887
 [72,]  1149.056134  1226.379224  1323.22523
 [73,]    27.440845    48.703183    88.34591
 [74,]    37.735925    43.139309    60.25778
 [75,]   149.559353   207.173840   231.00433
 [76,]  5582.042906  5937.824349  7689.27285
 [77,]    57.000000   110.349445   111.53923
 [78,]    15.588457    50.497525    79.07591
 [79,]   106.812921   126.684648   486.41135
 [80,]    27.946377    29.495762    30.43025
 [81,]    34.612137    48.548944    55.88381
 [82,]     2.236068     5.385165    89.26926
 [83,]    11.661904    30.951575    36.53765
 [84,]     4.123106    58.591808    61.07373
 [85,]    25.337719   103.160070   169.69973
 [86,]    49.658836    82.546956   129.49131
 [87,]    33.689761    52.962251    78.37091
 [88,]   157.334040   179.323730   232.22618
 [89,]  1065.101404  1083.063710  1089.09366
 [90,]    45.144213    85.638776   131.31641
 [91,]   103.658092   153.671728   268.37846
 [92,]     1.000000    29.681644    33.61547
 [93,]    23.366643    29.816103    33.67492
 [94,]    51.009803    72.208033   109.02293
 [95,]   137.811465   252.889304   328.28189
 [96,]    21.307276    62.833112    72.21496
 [97,]    71.763500   335.116398   350.75062
 [98,]    48.435524    50.980388    62.52999
 [99,]  3181.062558 24428.014430 24481.02183
[100,]    69.498201   122.073748   134.53996
[101,]   590.494708  2580.031201  2580.03159
[102,]    17.146428    35.142567   206.11162
[103,]    23.323808    37.134889    90.09439
[104,]    49.779514   141.474379   200.59412
[105,]     0.000000    73.905345   124.47891
[106,]    46.711883    66.790718    93.12894
[107,]   693.613725  1379.314322  1642.64756
[108,]    27.820855    34.942810    57.29747
[109,]     7.874008    54.323107    68.29348
[110,]   218.817275   246.109732   257.26446
[111,]    47.822589    77.362782    97.12363
[112,]   100.444014   276.683935   277.55000
[113,]    11.916375    29.291637    61.26989
[114,]    19.723083    33.316662   136.93794
[115,]    16.462078    19.442222    35.63706
[116,]   108.328205   171.799302   263.06273
[117,]   177.327381   271.066413   324.10646
[118,]     4.898979    39.089641    39.16631
[119,]    75.339233    75.769387    81.44323
[120,]    22.113344    66.098411    77.44030
[121,]    22.583180    23.430749   176.34625
[122,]  1782.761341  2320.984705  3103.86388
[123,]    36.646964    83.240615    91.15372
[124,]  1902.175071  1904.402794  1908.83394
[125,]    27.946377    32.588341    40.17462
[126,]    67.044761    84.011904   115.45129
[127,]    65.345237   105.157025   114.54693
[128,]    52.877216    69.670654   151.21839
[129,]    11.575837    11.916375    14.07125
[130,]    32.465366    67.668309    76.95453
[131,]    39.824616    68.139563    81.76185
[132,]   118.570654   164.307638   205.27542
[133,]    28.106939    31.368774    43.42810
[134,]    46.968074    65.559134   121.65114
[135,]    11.357817    33.808283    65.49809
[136,]     5.385165    33.136083    84.51627
[137,]    38.144462    49.588305    78.77182
[138,]  1220.009426  1545.157274  1831.25776
[139,]    47.413078   214.182165   298.60676
[140,]    17.117243    27.658633    45.13314
[141,]    43.749286    67.483331    82.71034
[142,]    10.000000    68.388596    83.60622
[143,]    54.470175    63.387696   119.08400
[144,]    89.280457   436.731039   443.62259
[145,]   513.884228  1628.215281  1635.87041
[146,]    57.323643    63.387696    72.42237
[147,]  2179.392347  2179.608680  2180.93558
[148,]   136.286463   165.921668   182.07965
[149,]    99.528890   100.473877   107.04205
[150,]    20.712315    34.234486    60.53098
[151,]   306.331520  1196.481508  3460.44593
[152,]    32.588341    51.097945   101.13852
[153,]    16.822604    48.908077    89.08984
[154,]    17.435596   171.230838   182.65268
[155,]    27.386128    98.863542   120.85115
[156,]  3453.269755  4907.627329  5210.94751
[157,]    40.607881    48.218254    52.23983
[158,]    55.045436   156.802423   167.24234
[159,]    19.026298    24.103942    37.32292
[160,]    12.569805    22.934690    36.13862
[161,]    10.816654    18.920888    38.07887
[162,]    81.252692    86.069739   118.16937
[163,]    71.679844   106.948586   108.18503
[164,]     2.828427    38.431758    48.86717
[165,]    20.346990    83.725743    93.31131
[166,]    10.535654    35.707142    52.35456
[167,]  2131.723481  2279.690111  2511.74541
[168,]   264.618593  1085.497582  1392.75662
[169,]   238.614752   259.129311   280.28914
[170,]  3448.143994  3632.269125  3748.34750
[171,]    77.691698   133.078924   135.46217
[172,]   114.061387   151.809091   227.94517
[173,]    63.639610    88.808783   127.56567
[174,]    71.812255   218.284218   232.64565
[175,]    63.277168    84.107075   172.08719
[176,]     7.874008    44.687806    60.81118
[177,]    29.748950    65.122961    66.11354
[178,]    35.651087    36.400549    36.52396
[179,]    20.639767    38.535698    69.63476
[180,]    58.386642   162.363789   292.24818
[181,]  1506.011952  1506.133792  1506.82713
[182,]   174.304332   176.507790   226.29848
[183,]   125.837196   126.447618   222.13960
[184,]    33.823069   117.477657   161.11797
[185,]  6143.021569  6819.096641 13725.01406
[186,]    49.568135   110.009091   128.58460
[187,]    60.967204    66.535705    90.28289
[188,]    54.936327    99.894945   135.07035
[189,]     3.605551    48.145612    59.84981
[190,]  1836.207777  2047.916746  2617.49174
[191,]  1742.132888  1742.179382  1742.18914
[192,]    40.926764    65.192024   218.71214
[193,]  2895.137475  4136.072654  5641.00434
[194,]    56.293872    56.409219   121.16518
[195,]    62.849025    70.639932   102.10289
[196,]    12.845233    24.979992    41.06093
[197,]  1210.002066  1546.069533  1604.21445
[198,]   690.589603  1747.521101  1753.08756
[199,]    73.545904    84.723078    91.31813
Levels: 1 -1
